CPU CORE SOCKET NODE
  0    0      0    0
  1    1      0    0
  2    2      0    0
  3    3      0    0
  4    4      0    0
  5    5      0    0
  6    6      0    0
  7    7      0    0
  8    8      0    0
  9    9      0    0
 10   10      0    0
 11   11      0    0
 12   12      0    0
 13   13      0    0
 14   14      0    0
 15   15      0    0
 16   16      0    0
 17   17      0    0
 18   18      0    0
 19   19      0    0
 20   20      0    0
 21   21      0    0
 22   22      0    0
 23   23      0    0
 24   24      1    1
 25   25      1    1
 26   26      1    1
 27   27      1    1
 28   28      1    1
 29   29      1    1
 30   30      1    1
 31   31      1    1
 32   32      1    1
 33   33      1    1
 34   34      1    1
 35   35      1    1
 36   36      1    1
 37   37      1    1
 38   38      1    1
 39   39      1    1
 40   40      1    1
 41   41      1    1
 42   42      1    1
 43   43      1    1
 44   44      1    1
 45   45      1    1
 46   46      1    1
 47   47      1    1
 48   48      2    2
 49   49      2    2
 50   50      2    2
 51   51      2    2
 52   52      2    2
 53   53      2    2
 54   54      2    2
 55   55      2    2
 56   56      2    2
 57   57      2    2
 58   58      2    2
 59   59      2    2
 60   60      2    2
 61   61      2    2
 62   62      2    2
 63   63      2    2
 64   64      2    2
 65   65      2    2
 66   66      2    2
 67   67      2    2
 68   68      2    2
 69   69      2    2
 70   70      2    2
 71   71      2    2
 72   72      3    3
 73   73      3    3
 74   74      3    3
 75   75      3    3
 76   76      3    3
 77   77      3    3
 78   78      3    3
 79   79      3    3
 80   80      3    3
 81   81      3    3
 82   82      3    3
 83   83      3    3
 84   84      3    3
 85   85      3    3
 86   86      3    3
 87   87      3    3
 88   88      3    3
 89   89      3    3
 90   90      3    3
 91   91      3    3
 92   92      3    3
 93   93      3    3
 94   94      3    3
 95   95      3    3
 96    0      0    0
 97    1      0    0
 98    2      0    0
 99    3      0    0
100    4      0    0
101    5      0    0
102    6      0    0
103    7      0    0
104    8      0    0
105    9      0    0
106   10      0    0
107   11      0    0
108   12      0    0
109   13      0    0
110   14      0    0
111   15      0    0
112   16      0    0
113   17      0    0
114   18      0    0
115   19      0    0
116   20      0    0
117   21      0    0
118   22      0    0
119   23      0    0
120   24      1    1
121   25      1    1
122   26      1    1
123   27      1    1
124   28      1    1
125   29      1    1
126   30      1    1
127   31      1    1
128   32      1    1
129   33      1    1
130   34      1    1
131   35      1    1
132   36      1    1
133   37      1    1
134   38      1    1
135   39      1    1
136   40      1    1
137   41      1    1
138   42      1    1
139   43      1    1
140   44      1    1
141   45      1    1
142   46      1    1
143   47      1    1
144   48      2    2
145   49      2    2
146   50      2    2
147   51      2    2
148   52      2    2
149   53      2    2
150   54      2    2
151   55      2    2
152   56      2    2
153   57      2    2
154   58      2    2
155   59      2    2
156   60      2    2
157   61      2    2
158   62      2    2
159   63      2    2
160   64      2    2
161   65      2    2
162   66      2    2
163   67      2    2
164   68      2    2
165   69      2    2
166   70      2    2
167   71      2    2
168   72      3    3
169   73      3    3
170   74      3    3
171   75      3    3
172   76      3    3
173   77      3    3
174   78      3    3
175   79      3    3
176   80      3    3
177   81      3    3
178   82      3    3
179   83      3    3
180   84      3    3
181   85      3    3
182   86      3    3
183   87      3    3
184   88      3    3
185   89      3    3
186   90      3    3
187   91      3    3
188   92      3    3
189   93      3    3
190   94      3    3
191   95      3    3
